91
Oaureus1                                  0.000000000 0.002552615 0.333075788 0.331127788 0.115599411 0.114033391 0.184540205 0.185056525 0.189863796 0.180070020 0.219096824 0.201625960 0.118107204 0.165869957 0.195722102 0.222528474 0.187041000 0.175172853 0.211614281 0.193104445 0.264661335 0.260507031 0.163822129 0.172327564 0.187745520 0.217783324 0.186388879 0.202673454 0.206502085 0.203744402 0.203859218 0.197550331 0.205318096 0.209526955 0.187009140 0.198456875 0.200374612 0.212798234 0.211780449 0.190291709 0.232100030 0.184904450 0.198790590 0.205101027 0.198074724 0.201578835 0.191651185 0.171176936 0.188190649 0.188547956 0.187794332 0.140181202 0.141036361 0.170992469 0.165854037 0.170354847 0.155829202 0.145940000 0.247402783 0.237738298 0.226857770 0.221940740 0.243566504 0.212709287 0.224926973 0.217497849 0.228176222 0.228060197 0.222435413 0.216435776 0.231380066 0.220343952 0.236259797 0.208515442 0.236909823 0.231623357 0.227195302 0.237325082 0.238319123 0.238088195 0.220024039 0.209990643 0.208037547 0.216709148 0.219752392 0.141072823 0.133006534 0.143448563 0.139602323 0.220605288 0.214586779 
Oaureus2                                  0.002552615 0.000000000 0.344223074 0.342285373 0.125802675 0.124156085 0.197323056 0.198169228 0.202665998 0.193063396 0.232304785 0.214943913 0.130936659 0.178926110 0.209091376 0.235837379 0.201304905 0.189403316 0.226176214 0.207595243 0.279463600 0.275351054 0.175484849 0.184132516 0.202002144 0.232310532 0.200754885 0.216978002 0.221036384 0.218302661 0.218470045 0.212215324 0.219907836 0.224078821 0.201472840 0.213100408 0.214869630 0.226839352 0.225870457 0.204965831 0.246837935 0.199053573 0.213033316 0.219621097 0.212711611 0.216089659 0.206252213 0.185498788 0.202697083 0.202830211 0.201985138 0.152998292 0.153866993 0.184898582 0.179557350 0.184041598 0.169485126 0.159140843 0.260538678 0.251025826 0.239937463 0.235202210 0.256918375 0.225962732 0.238269221 0.230757496 0.241620745 0.241617175 0.235960452 0.230095570 0.245060446 0.234057176 0.249919402 0.222095588 0.250400683 0.245083298 0.240763775 0.250981872 0.251801635 0.251934417 0.233353459 0.222706472 0.221443197 0.230141173 0.233264906 0.156815350 0.148517926 0.159352127 0.155270599 0.233964387 0.228104013 
Mzebra1                                   0.333075788 0.344223074 0.000000000 0.000013033 0.197956375 0.194649045 0.397904033 0.399143481 0.398753943 0.388743995 0.411136924 0.392787563 0.309421789 0.352130454 0.383765288 0.419540705 0.404400667 0.390157478 0.433381401 0.413838319 0.492650841 0.486047728 0.363656603 0.373174121 0.405319518 0.438943860 0.403969876 0.419975264 0.425240136 0.417552691 0.421220658 0.416917887 0.424465045 0.429688587 0.403515927 0.416116676 0.418968444 0.438541672 0.437678426 0.405980166 0.453735553 0.394967150 0.409180036 0.422461353 0.414734889 0.409956235 0.406139418 0.382258873 0.401838750 0.397845400 0.397291045 0.326570962 0.327144578 0.394110987 0.387722085 0.391466009 0.375058426 0.388677326 0.470987957 0.460471816 0.452032151 0.441991077 0.467489450 0.430988190 0.446493970 0.437865327 0.449561969 0.449480452 0.446760427 0.442547327 0.458621318 0.443435792 0.461807501 0.428833547 0.461968201 0.457213716 0.453133432 0.465702127 0.465952445 0.466869292 0.446431894 0.436883205 0.427357126 0.439315823 0.438267161 0.403573676 0.392726805 0.409871227 0.403076853 0.444546875 0.437282061 
Mzebra2                                   0.331127788 0.342285373 0.000013033 0.000000000 0.196305495 0.193123065 0.395544463 0.396546463 0.396031876 0.386325330 0.408685348 0.390596217 0.306594459 0.349647651 0.381476941 0.417268214 0.401846619 0.387536219 0.430743725 0.410810362 0.490173810 0.483613874 0.361455803 0.370661717 0.402753895 0.436601178 0.401627590 0.417727154 0.422831602 0.415031851 0.418903148 0.414447285 0.421631948 0.427122622 0.401218415 0.413200530 0.416295219 0.435794968 0.434807177 0.403276046 0.451147120 0.392583246 0.406705109 0.419831274 0.412162963 0.407452854 0.403715911 0.379659575 0.399395169 0.395302831 0.394877057 0.324344573 0.324786879 0.391376523 0.385136949 0.389080348 0.372519341 0.386519151 0.468372968 0.457935518 0.449239696 0.439274095 0.464764425 0.428225553 0.443757410 0.435229035 0.446933018 0.446677690 0.444081350 0.439941701 0.456229011 0.440860785 0.459085774 0.426046141 0.459457401 0.454348788 0.450212448 0.462803023 0.463241160 0.464169965 0.443974075 0.434257578 0.424683426 0.436654737 0.435599418 0.401158612 0.390037440 0.407579932 0.400625735 0.441916007 0.434675823 
Sgalilaeus__LakeAlbert__U1B1              0.115599411 0.125802675 0.197956375 0.196305495 0.000000000 0.001860982 0.144651385 0.145317874 0.145791087 0.137055885 0.170834108 0.154246081 0.081529745 0.122383184 0.149524163 0.174529626 0.152028293 0.140668480 0.175908779 0.158087545 0.225301715 0.220816620 0.123308792 0.130805438 0.153060656 0.182350752 0.151893419 0.167234159 0.157916960 0.154648540 0.155076908 0.148739194 0.156204360 0.160423494 0.140097683 0.149424130 0.152283561 0.163220713 0.161985741 0.144886236 0.183904493 0.140371805 0.152874926 0.158072932 0.151994897 0.154878255 0.146259388 0.128491478 0.143180261 0.143774622 0.143342214 0.101006534 0.101804370 0.148363869 0.143577311 0.147466032 0.133386276 0.153107506 0.198952465 0.189858119 0.179529690 0.173852262 0.195228476 0.166304412 0.176881424 0.170234150 0.180241682 0.179922958 0.173959081 0.168312635 0.181989770 0.171162884 0.186145023 0.160265686 0.186714980 0.182256161 0.177641681 0.187051439 0.190379171 0.190526767 0.174991979 0.166205861 0.161050648 0.169230101 0.171437209 0.154587857 0.144498885 0.157211156 0.151762320 0.172050931 0.166761324 
Sgalilaeus__LakeAlbert__U2B2              0.114033391 0.124156085 0.194649045 0.193123065 0.001860982 0.000000000 0.142589820 0.143337554 0.143980630 0.135057171 0.168597452 0.152219683 0.079150703 0.120059758 0.147390741 0.172531755 0.150062217 0.138574902 0.173473156 0.155776974 0.222941106 0.218585539 0.121617697 0.129203961 0.150841402 0.179965727 0.149885278 0.164955461 0.158672235 0.155064530 0.155475626 0.149184626 0.156600420 0.161234195 0.140120541 0.150022833 0.152559068 0.162385632 0.161285146 0.144504815 0.183667450 0.140101475 0.152679481 0.157971473 0.151909537 0.154318809 0.145822967 0.127408112 0.142458928 0.143301069 0.142964083 0.099712972 0.100575599 0.146103669 0.141413541 0.145274316 0.131298108 0.150898050 0.196475295 0.187798778 0.177289667 0.171901163 0.192637875 0.164033541 0.174853969 0.168169710 0.177900950 0.177795192 0.172358286 0.166930788 0.180771486 0.169824240 0.184690140 0.158820668 0.185191464 0.180955236 0.176215164 0.185342966 0.188396076 0.188494838 0.172746572 0.164226621 0.158948987 0.167233444 0.169851201 0.152120385 0.142166597 0.155252435 0.149673994 0.170498805 0.165179721 
Okorogwe__Nambawala__T3J4                 0.184540205 0.197323056 0.397904033 0.395544463 0.144651385 0.142589820 0.000000000 0.006386772 0.008918568 0.006908988 0.115884676 0.102905925 0.054384068 0.079327346 0.098260746 0.117612378 0.147878771 0.135860878 0.172909310 0.155055440 0.220338451 0.215135520 0.064497699 0.067404167 0.150107794 0.180203926 0.149059626 0.164581693 0.140515351 0.138743000 0.138503750 0.127260454 0.134749100 0.142989590 0.121097022 0.129868941 0.133325942 0.102932734 0.102569569 0.131752004 0.170649379 0.125538760 0.138380995 0.144597708 0.138229869 0.142697205 0.132723280 0.115802527 0.128834805 0.130836093 0.130117206 0.097547537 0.098319061 0.170677349 0.166041256 0.169779776 0.154123410 0.201765247 0.077099510 0.072277084 0.065839577 0.057587867 0.067535857 0.055224316 0.059184839 0.056300590 0.062322022 0.062469340 0.084053997 0.080668586 0.090290633 0.083560503 0.091390898 0.075858269 0.092364004 0.089143767 0.085672617 0.086290731 0.087617614 0.087942205 0.080365408 0.075927437 0.068541569 0.073650964 0.075347381 0.203432702 0.190919053 0.206229961 0.199940679 0.080248858 0.076624193 
Okorogwe__Nambawala__T3J6                 0.185056525 0.198169228 0.399143481 0.396546463 0.145317874 0.143337554 0.006386772 0.000000000 0.011688038 0.009447339 0.119043653 0.105837077 0.056209484 0.081766766 0.100757837 0.119745301 0.150176428 0.137985896 0.175182080 0.157205360 0.223065040 0.218033796 0.067641738 0.070857123 0.152758348 0.182887469 0.151597993 0.167076751 0.143589152 0.141875105 0.141649367 0.130176619 0.137833166 0.145977853 0.123864717 0.132989110 0.136373255 0.106608701 0.106636996 0.134503665 0.173901120 0.128407283 0.141084828 0.147524944 0.141313305 0.145530410 0.135629051 0.118536512 0.131664461 0.133686152 0.133277446 0.099989945 0.100537117 0.171886810 0.167095852 0.170838764 0.155338224 0.200539348 0.081351702 0.076463683 0.070097337 0.061649718 0.072019283 0.058927663 0.063300264 0.060337383 0.066343579 0.066475125 0.087850316 0.084506151 0.094193815 0.087559414 0.095640310 0.079814679 0.096635706 0.093295144 0.089737250 0.090244075 0.091415275 0.092033019 0.084425421 0.079110285 0.072241571 0.077567944 0.079225125 0.197226632 0.185350149 0.199975220 0.193671843 0.084398957 0.080611018 
Okorogwe__MlinganoDam__P4B2               0.189863796 0.202665998 0.398753943 0.396031876 0.145791087 0.143980630 0.008918568 0.011688038 0.000000000 0.004132208 0.113984917 0.101208040 0.053121653 0.077546569 0.095692421 0.113782185 0.146781395 0.134581287 0.171330042 0.153726179 0.218402841 0.213347979 0.061208675 0.063731940 0.149052207 0.178940191 0.148111340 0.163417369 0.138492970 0.136656198 0.136374108 0.125105810 0.132723926 0.140769301 0.119013760 0.127822644 0.131190662 0.098527949 0.098660158 0.130104071 0.168644216 0.123949993 0.136397690 0.142578188 0.136548325 0.140864249 0.130879989 0.114191411 0.127035297 0.129100193 0.128370386 0.096334167 0.096861755 0.171960738 0.167243811 0.170906298 0.155364789 0.207491505 0.071875981 0.067128946 0.060747567 0.052650366 0.062354349 0.050419482 0.054290827 0.051586704 0.057163403 0.057284768 0.078940053 0.075765610 0.084732407 0.078506041 0.086087338 0.071265128 0.086985875 0.083995425 0.080528122 0.081354003 0.082400881 0.082897431 0.075401647 0.071810384 0.063978129 0.068941077 0.070624123 0.215077222 0.201547371 0.218276677 0.211346234 0.075144152 0.071681782 
Okorogwe__MlinganoDam__P4B1               0.180070020 0.193063396 0.388743995 0.386325330 0.137055885 0.135057171 0.006908988 0.009447339 0.004132208 0.000000000 0.107000495 0.094393388 0.047475964 0.071574140 0.088933485 0.106335522 0.138455187 0.126317522 0.162957622 0.145368278 0.210236800 0.205177070 0.057139002 0.059729376 0.141112917 0.170821203 0.139909604 0.155169464 0.131323643 0.129355524 0.129143036 0.118375165 0.125845093 0.133664970 0.112078525 0.120725694 0.124050796 0.094694200 0.094864795 0.122409345 0.161049540 0.116605958 0.128834213 0.135001111 0.128923287 0.133304440 0.123390910 0.106864396 0.119621173 0.121549126 0.121076889 0.089405048 0.089902115 0.162830303 0.157943219 0.161779787 0.146256258 0.195977847 0.069849006 0.065015998 0.058648673 0.050609587 0.060499188 0.048387495 0.052253652 0.049487815 0.055411748 0.055515745 0.075853090 0.073027061 0.082200101 0.075537949 0.083410261 0.068309774 0.084470299 0.081245804 0.077911100 0.078770312 0.079708851 0.080415108 0.072430345 0.068773951 0.061206743 0.066283303 0.067886340 0.199830984 0.187047941 0.202627870 0.196054201 0.072436949 0.069016441 
Ojipe__NyumbayaMunga__P2G3                0.219096824 0.232304785 0.411136924 0.408685348 0.170834108 0.168597452 0.115884676 0.119043653 0.113984917 0.107000495 0.000000000 0.003653001 0.014457988 0.013066710 0.033884166 0.048364615 0.174702052 0.162999064 0.198783033 0.181510648 0.241596129 0.236633382 0.121120661 0.126737906 0.176705271 0.204972848 0.175002351 0.189488976 0.161885801 0.159770423 0.159804586 0.154504720 0.160895022 0.165158472 0.146195902 0.154467674 0.156821329 0.161600978 0.160450960 0.148443889 0.184716428 0.144103626 0.155783438 0.160371706 0.154562590 0.158556948 0.149335128 0.133449148 0.144585269 0.146196347 0.145549233 0.122442616 0.123332640 0.205298387 0.200577506 0.204151791 0.189048753 0.236139022 0.186786223 0.178812955 0.171193386 0.163170738 0.181515740 0.157210624 0.165960395 0.160089254 0.168752880 0.168258570 0.167283858 0.162516867 0.174043000 0.165160820 0.177841295 0.155681789 0.178452776 0.174197125 0.169901660 0.177890458 0.182435764 0.182849404 0.172517822 0.167091902 0.155437223 0.162979527 0.165117558 0.248626557 0.235092685 0.252555185 0.245615057 0.164135111 0.159460265 
Ojipe__NyumbayaMunga__P2G6                0.201625960 0.214943913 0.392787563 0.390596217 0.154246081 0.152219683 0.102905925 0.105837077 0.101208040 0.094393388 0.003653001 0.000000000 0.011753423 0.010958797 0.028089038 0.041091276 0.157406399 0.145953213 0.181076600 0.164030747 0.223182157 0.218453746 0.106702308 0.112546238 0.158911427 0.186778923 0.157602312 0.171252832 0.145729314 0.143546600 0.143510832 0.138187501 0.144362386 0.148771490 0.129911333 0.138144156 0.140444446 0.145324619 0.144152221 0.132572946 0.168163646 0.128356367 0.139947660 0.144195240 0.138440280 0.142417698 0.133424651 0.117175572 0.128915897 0.130349958 0.129806546 0.107409284 0.108476366 0.188205426 0.183468879 0.186954540 0.171884446 0.219511853 0.170753137 0.162771405 0.155242098 0.147626863 0.165720535 0.141512263 0.150330266 0.144443421 0.153013050 0.152594316 0.151051252 0.146438168 0.157781072 0.148936577 0.161682933 0.139726142 0.162271815 0.158087280 0.153799807 0.161811638 0.166270402 0.166764223 0.156226187 0.150882118 0.139541423 0.147067486 0.149346248 0.230990920 0.217522988 0.234971346 0.227946294 0.148046107 0.143810227 
Ohunteri__LakeChala__G1-K2G2              0.118107204 0.130936659 0.309421789 0.306594459 0.081529745 0.079150703 0.054384068 0.056209484 0.053121653 0.047475964 0.014457988 0.011753423 0.000000000 0.002945731 0.024986394 0.036978838 0.081240508 0.070587751 0.103241223 0.088368282 0.145226625 0.140677235 0.047699351 0.053033404 0.083338019 0.111271165 0.082794647 0.095332458 0.078042712 0.075671604 0.076022890 0.070505308 0.076390761 0.080798969 0.062877421 0.070902551 0.073132113 0.078054380 0.076949121 0.064924087 0.098836760 0.062809391 0.073750601 0.076605162 0.071035487 0.075055793 0.066499108 0.052926472 0.064027244 0.065800457 0.065082005 0.043700145 0.044403327 0.102412078 0.097696676 0.101037916 0.086825990 0.133704418 0.101221011 0.093718758 0.086153989 0.079538185 0.096577912 0.074731696 0.082695285 0.077142253 0.084454465 0.084259292 0.082582283 0.078804251 0.089196893 0.080981020 0.092906846 0.071898273 0.093597716 0.089624189 0.085629371 0.093097365 0.096870669 0.097550836 0.086501853 0.081285032 0.072029870 0.078988943 0.080760901 0.134101276 0.122242206 0.136601727 0.130180074 0.081390912 0.077542627 
Ohunteri__LakeChala__G2-K2G3              0.165869957 0.178926110 0.352130454 0.349647651 0.122383184 0.120059758 0.079327346 0.081766766 0.077546569 0.071574140 0.013066710 0.010958797 0.002945731 0.000000000 0.029208677 0.041222625 0.125253599 0.113890036 0.148729617 0.131746715 0.189467408 0.184675792 0.077904329 0.083294836 0.128545120 0.156920994 0.127031931 0.141355364 0.114214762 0.111668161 0.111871765 0.106284633 0.112383065 0.116831745 0.098459653 0.106494598 0.108885257 0.112122553 0.110980043 0.101057266 0.135660163 0.097916817 0.109065988 0.112956805 0.107363200 0.111102176 0.102491443 0.087416222 0.099260311 0.100634729 0.099955447 0.078724394 0.079409491 0.151851230 0.147226008 0.150594190 0.135918413 0.182724879 0.135749906 0.128212839 0.120451962 0.113321531 0.130564793 0.107395143 0.116158317 0.110565665 0.118218036 0.117793001 0.117126804 0.112468779 0.123721369 0.115158237 0.127092621 0.106083172 0.128102231 0.124015381 0.119626071 0.127411519 0.131734678 0.132209410 0.121659386 0.116117670 0.106150819 0.113106861 0.115114792 0.189105864 0.176507616 0.192812224 0.186231969 0.114899280 0.110488596 
Ogirigan__LakeJipe__P3C5                  0.195722102 0.209091376 0.383765288 0.381476941 0.149524163 0.147390741 0.098260746 0.100757837 0.095692421 0.088933485 0.033884166 0.028089038 0.024986394 0.029208677 0.000000000 0.007051058 0.155225479 0.143610722 0.179442187 0.162187278 0.222384519 0.217358121 0.102198804 0.108085906 0.158314580 0.187489035 0.156968258 0.171410921 0.142470063 0.139963995 0.140255492 0.134309385 0.140774056 0.145539951 0.126220754 0.134572923 0.137095355 0.140995117 0.139719309 0.128898472 0.165212919 0.124773419 0.136681926 0.141177784 0.135052110 0.139246026 0.130020735 0.114743673 0.126262932 0.127451558 0.126626374 0.103721064 0.104648579 0.182962941 0.178245045 0.181869642 0.166617097 0.212919310 0.164507864 0.156613912 0.149087348 0.141539501 0.159206701 0.135225321 0.144216014 0.138382041 0.146552765 0.146361701 0.145951965 0.141396818 0.152496264 0.144139265 0.156347296 0.134467725 0.157418841 0.153030860 0.148463897 0.156590324 0.160723486 0.161257825 0.150737060 0.145227964 0.133984428 0.141855707 0.143888818 0.220239492 0.207353401 0.224126308 0.217415584 0.143200219 0.138714732 
Ogirigan__LakeKumba__P1E1                 0.222528474 0.235837379 0.419540705 0.417268214 0.174529626 0.172531755 0.117612378 0.119745301 0.113782185 0.106335522 0.048364615 0.041091276 0.036978838 0.041222625 0.007051058 0.000000000 0.180714350 0.168717197 0.205260276 0.188130613 0.247600789 0.242423090 0.125375460 0.131268984 0.184095763 0.212941337 0.182595387 0.196799249 0.166121005 0.163785483 0.163963098 0.158197067 0.164721358 0.169459651 0.149990887 0.158522238 0.160858151 0.166050862 0.164653904 0.152739526 0.189302701 0.148130628 0.159836855 0.164834085 0.159018628 0.163047339 0.153914439 0.138159337 0.149784910 0.150702664 0.149916390 0.126617189 0.127576509 0.209150589 0.204502584 0.208054273 0.192565442 0.238298960 0.190979574 0.182762408 0.175334156 0.167447354 0.185845968 0.161490282 0.170103732 0.164302839 0.172924083 0.172495380 0.171536504 0.166971557 0.178268765 0.169627780 0.182313357 0.160140966 0.183004493 0.178648572 0.174360118 0.182507547 0.186645808 0.187018613 0.177079168 0.171574751 0.159558906 0.167357239 0.169506748 0.249471721 0.236426857 0.253027418 0.246399511 0.168220934 0.163886503 
Oamphimelas__LakeManyara__P3H1            0.187041000 0.201304905 0.404400667 0.401846619 0.152028293 0.150062217 0.147878771 0.150176428 0.146781395 0.138455187 0.174702052 0.157406399 0.081240508 0.125253599 0.155225479 0.180714350 0.000000000 0.000670993 0.009109010 0.008195062 0.077566485 0.075074779 0.125528381 0.133193148 0.055404605 0.068238688 0.055890570 0.061923862 0.137773813 0.135060466 0.135056295 0.130889360 0.137320119 0.140743059 0.121755608 0.130503289 0.132586959 0.151013359 0.149154781 0.117520902 0.152139921 0.118313668 0.129829990 0.130533138 0.124788895 0.126520071 0.118026392 0.098457848 0.113012879 0.117933476 0.117118636 0.096403572 0.096076556 0.150468783 0.146336556 0.148292311 0.135765094 0.200311111 0.198165212 0.188982385 0.179436188 0.173236962 0.195648763 0.166208432 0.176468720 0.169552153 0.179234093 0.178746820 0.167762704 0.162268671 0.175063008 0.164422474 0.179703588 0.154130030 0.179791512 0.175567403 0.171265610 0.182257728 0.187196435 0.187880162 0.175682394 0.168628156 0.157064732 0.165836878 0.169184108 0.200771191 0.188009526 0.204471408 0.197794003 0.167745747 0.162879816 
Oamphimelas__LakeManyara__P3H2            0.175172853 0.189403316 0.390157478 0.387536219 0.140668480 0.138574902 0.135860878 0.137985896 0.134581287 0.126317522 0.162999064 0.145953213 0.070587751 0.113890036 0.143610722 0.168717197 0.000670993 0.000000000 0.008444044 0.007422588 0.073687849 0.071218895 0.114121137 0.121618529 0.049834658 0.062886345 0.050316745 0.056596359 0.127028112 0.124289767 0.124410203 0.120139410 0.126396533 0.129871721 0.111015388 0.119768739 0.121812485 0.139300307 0.137355686 0.107310755 0.141683804 0.107972779 0.119458706 0.120126320 0.114407740 0.116420936 0.108009009 0.088747544 0.103179160 0.107851468 0.107012981 0.086267855 0.086169505 0.139444129 0.135197584 0.137466194 0.124745041 0.188932453 0.185012752 0.176235972 0.166500131 0.160490788 0.182496399 0.153365654 0.163645006 0.156891650 0.166156056 0.165881844 0.155410339 0.149922518 0.162594687 0.152163834 0.167442698 0.141821184 0.167696807 0.163281626 0.158793113 0.169724055 0.174523065 0.174971705 0.162936413 0.155663139 0.144766417 0.153362485 0.156808649 0.189173600 0.176190897 0.192712419 0.185993887 0.155524836 0.150497483 
Oamphimelas__LakeSulungali__T9F4          0.211614281 0.226176214 0.433381401 0.430743725 0.175908779 0.173473156 0.172909310 0.175182080 0.171330042 0.162957622 0.198783033 0.181076600 0.103241223 0.148729617 0.179442187 0.205260276 0.009109010 0.008444044 0.000000000 0.001592912 0.088013623 0.085466923 0.148440954 0.156863055 0.064083481 0.075505183 0.064283227 0.069849426 0.160696606 0.157741422 0.158048061 0.154099919 0.160490554 0.164065455 0.144660269 0.153614305 0.155490882 0.175946025 0.173808636 0.139096675 0.173398745 0.139909672 0.151733575 0.152447736 0.146488691 0.147805964 0.139360214 0.117827363 0.133812662 0.139175756 0.138157551 0.116728680 0.116481162 0.173807613 0.169665540 0.171142350 0.158593455 0.225505988 0.224286724 0.215065105 0.206059671 0.199500088 0.221473966 0.191829163 0.202713093 0.195099571 0.205196242 0.204792674 0.193671355 0.188248652 0.201002341 0.189974756 0.205868736 0.179739591 0.205970494 0.201544303 0.197091291 0.209013639 0.213649734 0.214283315 0.202191506 0.195129161 0.182854985 0.191805933 0.194790004 0.227092179 0.214149701 0.231457097 0.224325379 0.193736294 0.188755530 
Oamphimelas__LakeSulungali__T9F2          0.193104445 0.207595243 0.413838319 0.410810362 0.158087545 0.155776974 0.155055440 0.157205360 0.153726179 0.145368278 0.181510648 0.164030747 0.088368282 0.131746715 0.162187278 0.188130613 0.008195062 0.007422588 0.001592912 0.000000000 0.082394675 0.079885978 0.131855303 0.139861221 0.056503963 0.068198553 0.056779786 0.062236396 0.144317493 0.141476133 0.141610209 0.137857510 0.143932784 0.147354791 0.128321906 0.137200434 0.139274092 0.158497024 0.156493275 0.123537159 0.157685995 0.124225738 0.135809075 0.136566092 0.130614626 0.132261601 0.123815620 0.103713596 0.118770592 0.123995433 0.123022180 0.101736617 0.101674030 0.156629891 0.152315862 0.154294634 0.141700421 0.207005336 0.205824367 0.196683694 0.187545407 0.181061755 0.203241245 0.173846396 0.184485037 0.177040459 0.186962759 0.186566003 0.175569675 0.169914969 0.182796149 0.171879976 0.187673130 0.161670436 0.187864183 0.183500957 0.179055266 0.190500107 0.195191417 0.195801448 0.183533117 0.176422425 0.164623068 0.173390187 0.176449340 0.206953381 0.194712133 0.210651417 0.203710602 0.175634504 0.170803469 
Agrahami__LakeMagadi__Ag2630              0.264661335 0.279463600 0.492650841 0.490173810 0.225301715 0.222941106 0.220338451 0.223065040 0.218402841 0.210236800 0.241596129 0.223182157 0.145226625 0.189467408 0.222384519 0.247600789 0.077566485 0.073687849 0.088013623 0.082394675 0.000000000 0.004326942 0.195172941 0.203254718 0.114851704 0.130041529 0.114973021 0.122369844 0.199419933 0.196862622 0.196865213 0.194158229 0.200354717 0.203096002 0.184371534 0.193319326 0.195124672 0.221565961 0.219477395 0.177517179 0.212248276 0.177390398 0.189433593 0.190152321 0.184538210 0.186519921 0.177693377 0.157628965 0.173296672 0.176195937 0.175484270 0.159680955 0.159670766 0.225199571 0.221216886 0.223117264 0.209847758 0.277230902 0.275412084 0.266117081 0.257753888 0.250684055 0.273323294 0.242418407 0.254254585 0.246032732 0.256551342 0.255923890 0.243098344 0.237566517 0.250159487 0.238993357 0.255524070 0.228943616 0.255545401 0.251305469 0.246268886 0.259222232 0.264333693 0.265084392 0.253933386 0.247272712 0.232557887 0.241954578 0.245310195 0.284500600 0.271195713 0.288353589 0.280872115 0.243292305 0.238061838 
Agrahami__LakeMagadi__Ag2638              0.260507031 0.275351054 0.486047728 0.483613874 0.220816620 0.218585539 0.215135520 0.218033796 0.213347979 0.205177070 0.236633382 0.218453746 0.140677235 0.184675792 0.217358121 0.242423090 0.075074779 0.071218895 0.085466923 0.079885978 0.004326942 0.000000000 0.190378960 0.198429043 0.111242713 0.126500234 0.111579229 0.118821829 0.194268322 0.191806846 0.191719246 0.189123629 0.195228549 0.197861060 0.179224524 0.188181014 0.190241941 0.216226111 0.214281124 0.172599966 0.207147937 0.172471057 0.184394015 0.185178143 0.179658224 0.181542956 0.172927006 0.153348212 0.168566213 0.171643700 0.170831415 0.155142752 0.155103232 0.221672623 0.217601245 0.219402716 0.206005009 0.274354929 0.270125044 0.260838216 0.252178049 0.245202675 0.267718893 0.237149632 0.248665568 0.240632353 0.251168591 0.250369023 0.237563007 0.231876559 0.244626186 0.233584624 0.250003542 0.223445715 0.249911707 0.245626421 0.240644762 0.253402901 0.258602824 0.259374396 0.248115335 0.241589488 0.226970615 0.236338576 0.239668545 0.281549434 0.268371588 0.285503610 0.277990407 0.237663326 0.232645629 
Omossambicus__Mozambique__C13             0.163822129 0.175484849 0.363656603 0.361455803 0.123308792 0.121617697 0.064497699 0.067641738 0.061208675 0.057139002 0.121120661 0.106702308 0.047699351 0.077904329 0.102198804 0.125375460 0.125528381 0.114121137 0.148440954 0.131855303 0.195172941 0.190378960 0.000000000 0.007636791 0.127760151 0.156253953 0.126390010 0.141065956 0.110780090 0.108826991 0.108784755 0.100098176 0.106597021 0.112696840 0.094483817 0.101712813 0.104629340 0.084256680 0.083988389 0.107677964 0.143906953 0.096898385 0.107623611 0.120031849 0.114258672 0.118087823 0.109051443 0.093894617 0.106171084 0.107380024 0.106769283 0.078067802 0.078449798 0.149880575 0.145700944 0.148983219 0.133999091 0.185194675 0.085906766 0.080080352 0.073472869 0.066105584 0.079162277 0.062941913 0.068059936 0.064493193 0.071166745 0.071022642 0.074267611 0.071028570 0.080296039 0.073776475 0.081763006 0.066338960 0.082902155 0.079586721 0.076099465 0.078914860 0.081000051 0.081632888 0.074570688 0.070778273 0.062352622 0.067462895 0.069253186 0.188112454 0.175436197 0.191252342 0.184668161 0.061190939 0.058510273 
Omossambicus__SouthAfrica__RB09-059       0.172327564 0.184132516 0.373174121 0.370661717 0.130805438 0.129203961 0.067404167 0.070857123 0.063731940 0.059729376 0.126737906 0.112546238 0.053033404 0.083294836 0.108085906 0.131268984 0.133193148 0.121618529 0.156863055 0.139861221 0.203254718 0.198429043 0.007636791 0.000000000 0.135461699 0.163999211 0.134536509 0.148997615 0.118168764 0.116064942 0.116084268 0.107310864 0.113463660 0.119913386 0.101457888 0.109055040 0.111693163 0.087947069 0.088024523 0.115718616 0.152361590 0.104596301 0.115556361 0.128035531 0.122241247 0.126184777 0.116657359 0.101542806 0.113534289 0.115588192 0.114747296 0.084402969 0.084621949 0.158470008 0.154095357 0.157359482 0.142574295 0.194438933 0.087478270 0.081492117 0.075036112 0.067505931 0.080290321 0.064640431 0.069275613 0.066070404 0.072624138 0.072465143 0.076075022 0.073173979 0.081692432 0.075606764 0.083547666 0.068323697 0.084382633 0.081072726 0.077837660 0.079997324 0.081651161 0.082173364 0.075569683 0.071958895 0.063500274 0.068366094 0.070237606 0.200235654 0.187328693 0.203181905 0.196783833 0.063017237 0.060659648 
Oesculentus__Malimbe__V71                 0.187745520 0.202002144 0.405319518 0.402753895 0.153060656 0.150841402 0.150107794 0.152758348 0.149052207 0.141112917 0.176705271 0.158911427 0.083338019 0.128545120 0.158314580 0.184095763 0.055404605 0.049834658 0.064083481 0.056503963 0.114851704 0.111242713 0.127760151 0.135461699 0.000000000 0.002716694 0.003214121 0.003114369 0.143414226 0.140992674 0.141116769 0.136823138 0.143109440 0.147067269 0.127592292 0.136334737 0.138332346 0.156353891 0.154519454 0.121468877 0.155846974 0.123462863 0.135653621 0.135465059 0.129910585 0.128617918 0.120282628 0.097153529 0.114500526 0.122819164 0.122319148 0.097825541 0.096721931 0.149950485 0.145781023 0.146721266 0.135165960 0.202043202 0.199622111 0.190899218 0.182119941 0.176068000 0.197987913 0.168412940 0.179168006 0.171793400 0.181859481 0.181090957 0.171761614 0.166445355 0.178921361 0.168324591 0.183884462 0.157945442 0.183791201 0.179248769 0.175126467 0.186270029 0.190396944 0.191143195 0.178564640 0.171329197 0.160364399 0.168922766 0.171937846 0.201368257 0.188382096 0.205141958 0.198089286 0.171509348 0.166534598 
Oesculentus__Malimbe__MG340               0.217783324 0.232310532 0.438943860 0.436601178 0.182350752 0.179965727 0.180203926 0.182887469 0.178940191 0.170821203 0.204972848 0.186778923 0.111271165 0.156920994 0.187489035 0.212941337 0.068238688 0.062886345 0.075505183 0.068198553 0.130041529 0.126500234 0.156253953 0.163999211 0.002716694 0.000000000 0.003293898 0.003406788 0.171668683 0.169534381 0.169758689 0.165732829 0.171982033 0.175720245 0.156170524 0.164736905 0.166977222 0.186855237 0.184753516 0.148539369 0.182789279 0.150585297 0.162899826 0.163210209 0.157356364 0.155175728 0.146408204 0.120254433 0.139576923 0.149869549 0.149034641 0.123473547 0.122012357 0.178261836 0.173962082 0.173998054 0.162915245 0.232175463 0.231306973 0.222182843 0.213731046 0.207388247 0.229535488 0.199491748 0.210733789 0.202731899 0.213489248 0.212566721 0.203085106 0.197499488 0.210156079 0.199643983 0.215580882 0.188982909 0.215340288 0.211090055 0.206387242 0.218502370 0.222185513 0.222682404 0.210777863 0.203817619 0.191120444 0.200352319 0.203175686 0.234764915 0.221302533 0.238364342 0.231292437 0.202563887 0.197855445 
Oesculentus__LakeRukwa__T10E03            0.186388879 0.200754885 0.403969876 0.401627590 0.151893419 0.149885278 0.149059626 0.151597993 0.148111340 0.139909604 0.175002351 0.157602312 0.082794647 0.127031931 0.156968258 0.182595387 0.055890570 0.050316745 0.064283227 0.056779786 0.114973021 0.111579229 0.126390010 0.134536509 0.003214121 0.003293898 0.000000000 0.002178880 0.141907465 0.139810418 0.139762710 0.135540384 0.141600464 0.145788860 0.126249224 0.134855880 0.137040394 0.154815603 0.152992171 0.120160921 0.154132299 0.122245881 0.134161007 0.134216427 0.128271704 0.127546569 0.118901141 0.096472557 0.113831377 0.121504134 0.121115076 0.096794384 0.096052119 0.149578157 0.145388087 0.146201394 0.134480886 0.201318503 0.198434564 0.189726666 0.180710955 0.174710685 0.196716885 0.167115647 0.177810199 0.170377357 0.180553837 0.179891760 0.170365028 0.165225929 0.177818050 0.167479250 0.182786797 0.156834309 0.182880008 0.177997142 0.173952792 0.185237600 0.189467389 0.189866138 0.177712014 0.170384673 0.159097742 0.167749537 0.170871473 0.201381729 0.188492527 0.205107200 0.198223577 0.170536133 0.165486233 
Oesculentus__LakeRukwa__T10F04            0.202673454 0.216978002 0.419975264 0.417727154 0.167234159 0.164955461 0.164581693 0.167076751 0.163417369 0.155169464 0.189488976 0.171252832 0.095332458 0.141355364 0.171410921 0.196799249 0.061923862 0.056596359 0.069849426 0.062236396 0.122369844 0.118821829 0.141065956 0.148997615 0.003114369 0.003406788 0.002178880 0.000000000 0.154737548 0.152434091 0.152465725 0.148650432 0.154625868 0.158541840 0.139237890 0.147910990 0.150138363 0.169691805 0.167548530 0.131670623 0.164440148 0.134143769 0.146237967 0.145836120 0.140101425 0.138511340 0.130125819 0.105743232 0.124314303 0.133445242 0.132838831 0.109231690 0.108296459 0.164363120 0.160229790 0.160636001 0.149405946 0.217527450 0.214858764 0.206057861 0.197362436 0.191299249 0.212889159 0.182860936 0.194323276 0.186646876 0.196802316 0.196201288 0.186137819 0.180886841 0.193470090 0.182974689 0.198490292 0.172157523 0.198509721 0.193967722 0.189643833 0.201402596 0.205711515 0.206276937 0.194130881 0.186762422 0.174776706 0.183740525 0.186881901 0.218317207 0.204902870 0.222673768 0.215529421 0.186056765 0.181375661 
Okarongae__MbambaBay__OR1A3               0.206502085 0.221036384 0.425240136 0.422831602 0.157916960 0.158672235 0.140515351 0.143589152 0.138492970 0.131323643 0.161885801 0.145729314 0.078042712 0.114214762 0.142470063 0.166121005 0.137773813 0.127028112 0.160696606 0.144317493 0.199419933 0.194268322 0.110780090 0.118168764 0.143414226 0.171668683 0.141907465 0.154737548 0.000000000 0.006504666 0.006520534 0.012198548 0.012236408 0.008585975 0.010278527 0.009234935 0.009550434 0.058283315 0.055069067 0.045836722 0.061800206 0.036711894 0.039416509 0.049109044 0.046393755 0.050875487 0.046844375 0.047659430 0.050976226 0.049453906 0.049006723 0.087725893 0.089415535 0.181413486 0.176855385 0.180052598 0.164888138 0.225290453 0.184690952 0.176343853 0.168141610 0.160709250 0.180997817 0.154552457 0.163350403 0.157396046 0.166400090 0.165818590 0.112906324 0.109762242 0.115051512 0.108689826 0.120437739 0.104032331 0.121643956 0.118388246 0.114577238 0.131261285 0.149190518 0.149900919 0.141871114 0.137491314 0.125224006 0.132204855 0.134347831 0.230435077 0.216472738 0.233928194 0.226764213 0.122236493 0.118574222 
Osquamipinnis__LakeMalawi__D14-J04        0.203744402 0.218302661 0.417552691 0.415031851 0.154648540 0.155064530 0.138743000 0.141875105 0.136656198 0.129355524 0.159770423 0.143546600 0.075671604 0.111668161 0.139963995 0.163785483 0.135060466 0.124289767 0.157741422 0.141476133 0.196862622 0.191806846 0.108826991 0.116064942 0.140992674 0.169534381 0.139810418 0.152434091 0.006504666 0.000000000 0.004693969 0.010269503 0.010493418 0.007002796 0.008342865 0.007391740 0.007792648 0.056181492 0.053039055 0.043395362 0.059325929 0.034490686 0.037087031 0.046717165 0.044107769 0.048597865 0.044627080 0.045418131 0.048545301 0.047038530 0.046680722 0.085134454 0.086968769 0.178513212 0.174065461 0.177365701 0.162216568 0.222004579 0.183702061 0.175333508 0.166981706 0.159741067 0.180287402 0.153615578 0.162358779 0.156290725 0.165124922 0.164513145 0.111217133 0.108133296 0.113419953 0.106982317 0.119066861 0.102052402 0.119418614 0.116642738 0.112923716 0.130056275 0.148032787 0.148677190 0.140615398 0.135959623 0.123954836 0.130961916 0.133064479 0.227191923 0.213006943 0.230521484 0.223460344 0.121040361 0.117010077 
Osquamipinnis__LakeMalawi__D14-J06        0.203859218 0.218470045 0.421220658 0.418903148 0.155076908 0.155475626 0.138503750 0.141649367 0.136374108 0.129143036 0.159804586 0.143510832 0.076022890 0.111871765 0.140255492 0.163963098 0.135056295 0.124410203 0.158048061 0.141610209 0.196865213 0.191719246 0.108784755 0.116084268 0.141116769 0.169758689 0.139762710 0.152465725 0.006520534 0.004693969 0.000000000 0.010314487 0.010413456 0.006864549 0.008329081 0.007354438 0.007614331 0.055976153 0.052640173 0.043499582 0.059392943 0.034112498 0.037112773 0.046820442 0.044293926 0.048445734 0.044763041 0.045389599 0.048862512 0.046900028 0.046573847 0.085241015 0.087038669 0.178976602 0.174430853 0.177697123 0.162434761 0.222429353 0.183365029 0.174737414 0.166806386 0.159493559 0.180211191 0.153434836 0.162095947 0.155934323 0.165165257 0.164340080 0.110808668 0.108341381 0.113281347 0.106707369 0.118899220 0.102173037 0.119380756 0.116413878 0.112747791 0.129943910 0.147490412 0.148101947 0.139887312 0.135535025 0.123364098 0.130329005 0.132578126 0.227671483 0.213408381 0.230730109 0.223701981 0.120462963 0.116763855 
Goldenchambo__LakeIkapu__G7B1             0.197550331 0.212215324 0.416917887 0.414447285 0.148739194 0.149184626 0.127260454 0.130176619 0.125105810 0.118375165 0.154504720 0.138187501 0.070505308 0.106284633 0.134309385 0.158197067 0.130889360 0.120139410 0.154099919 0.137857510 0.194158229 0.189123629 0.100098176 0.107310864 0.136823138 0.165732829 0.135540384 0.148650432 0.012198548 0.010269503 0.010314487 0.000000000 0.005931454 0.008462158 0.012252259 0.008386602 0.008834252 0.051045535 0.047770147 0.046585410 0.063904453 0.037537947 0.040632126 0.050326247 0.047582811 0.051766747 0.047796876 0.047190500 0.051113983 0.049632548 0.049089131 0.081565642 0.083365023 0.173434571 0.168655610 0.172175763 0.156493904 0.216392925 0.167778513 0.159906739 0.152102456 0.144120414 0.163511596 0.138552526 0.146707526 0.141114027 0.149991182 0.149182697 0.095573919 0.092628655 0.096831020 0.091510895 0.102119914 0.088043040 0.103152419 0.100567421 0.097191419 0.112322521 0.129251308 0.129996856 0.122349611 0.118403410 0.107256967 0.113616930 0.115691827 0.221051994 0.207000521 0.224123275 0.217118820 0.105811134 0.102331958 
Goldenchambo__LakeIkapu__G7B3             0.205318096 0.219907836 0.424465045 0.421631948 0.156204360 0.156600420 0.134749100 0.137833166 0.132723926 0.125845093 0.160895022 0.144362386 0.076390761 0.112383065 0.140774056 0.164721358 0.137320119 0.126396533 0.160490554 0.143932784 0.200354717 0.195228549 0.106597021 0.113463660 0.143109440 0.171982033 0.141600464 0.154625868 0.012236408 0.010493418 0.010413456 0.005931454 0.000000000 0.008965196 0.012567594 0.008857240 0.009273443 0.052769669 0.050034323 0.048909258 0.065840562 0.039228187 0.042423717 0.052582124 0.049725741 0.054069915 0.050136198 0.049438482 0.053828886 0.052218803 0.051765972 0.087123677 0.089016628 0.180999769 0.176240794 0.179740866 0.163990233 0.224321561 0.175813227 0.167699513 0.159835381 0.152189668 0.171807164 0.146175388 0.154692636 0.148902766 0.157791183 0.157222733 0.101841636 0.099362680 0.103364835 0.097656218 0.108777486 0.094069996 0.109555210 0.106531057 0.103707196 0.119028440 0.136651092 0.137324696 0.130588033 0.126497075 0.114542375 0.120880952 0.123116926 0.230078544 0.215745381 0.233309851 0.226219920 0.112250305 0.108858953 
Osquamipinnis__LakeIlamba__120B           0.209526955 0.224078821 0.429688587 0.427122622 0.160423494 0.161234195 0.142989590 0.145977853 0.140769301 0.133664970 0.165158472 0.148771490 0.080798969 0.116831745 0.145539951 0.169459651 0.140743059 0.129871721 0.164065455 0.147354791 0.203096002 0.197861060 0.112696840 0.119913386 0.147067269 0.175720245 0.145788860 0.158541840 0.008585975 0.007002796 0.006864549 0.008462158 0.008965196 0.000000000 0.010166596 0.005504563 0.005988598 0.055918683 0.052481537 0.047435106 0.063770980 0.037779675 0.040771665 0.050907794 0.048170237 0.052634072 0.048779370 0.049531082 0.052814929 0.050971861 0.050702767 0.089853027 0.091893349 0.184586238 0.180152079 0.183335415 0.167844636 0.227565611 0.187158622 0.178631505 0.170260609 0.162781153 0.183670968 0.157140846 0.165621133 0.159451050 0.168422948 0.167865820 0.112255867 0.109397279 0.114001963 0.107399553 0.119755164 0.103702889 0.120469317 0.117688076 0.114048892 0.130730428 0.148764945 0.149868195 0.141633098 0.137416389 0.125414224 0.132262964 0.134475421 0.232292646 0.218074850 0.235276870 0.228314839 0.122200399 0.118920879 
Osquamipinnis__LakeMassoko__221A          0.187009140 0.201472840 0.403515927 0.401218415 0.140097683 0.140120541 0.121097022 0.123864717 0.119013760 0.112078525 0.146195902 0.129911333 0.062877421 0.098459653 0.126220754 0.149990887 0.121755608 0.111015388 0.144660269 0.128321906 0.184371534 0.179224524 0.094483817 0.101457888 0.127592292 0.156170524 0.126249224 0.139237890 0.010278527 0.008342865 0.008329081 0.012252259 0.012567594 0.010166596 0.000000000 0.010458880 0.010565741 0.049887898 0.046296538 0.041319487 0.058289838 0.033212259 0.036217683 0.045194993 0.042381794 0.046356089 0.042730043 0.041725236 0.045715221 0.043990207 0.043694057 0.074625933 0.076208971 0.162941988 0.158081937 0.161568439 0.146178735 0.204799926 0.162926770 0.154424850 0.146331366 0.139195821 0.159037845 0.133198465 0.141869452 0.136141263 0.144753370 0.144337131 0.095134106 0.091769986 0.097525906 0.091245438 0.102350430 0.086828647 0.102869064 0.100158368 0.096645991 0.111843390 0.128373946 0.129031924 0.120442553 0.116135252 0.105343673 0.112029262 0.113970199 0.207611055 0.193816886 0.210778908 0.203658422 0.103999912 0.100501229 
