91
Oaureus1                                  0.000000000 0.002226016 0.225058802 0.224043372 0.116087122 0.113740334 0.190705258 0.191888482 0.197930080 0.186648936 0.217758098 0.202666339 0.116432681 0.166461845 0.194981739 0.221650217 0.190146740 0.178336022 0.212393268 0.194449825 0.264343998 0.261263670 0.168854817 0.178075350 0.191050806 0.219090067 0.188308562 0.203572016 0.221011354 0.217861639 0.219046032 0.212664979 0.221092043 0.225215112 0.199130114 0.213627229 0.217071958 0.224176946 0.225043419 0.203227831 0.246443208 0.196732489 0.212372407 0.221434699 0.213192318 0.216495294 0.205146426 0.177139066 0.197880935 0.198674424 0.197701867 0.141284729 0.142673549 0.174368463 0.169664779 0.173513463 0.157932441 0.143225655 0.258644203 0.248762134 0.238345722 0.231756344 0.249539762 0.220298365 0.234798268 0.226751288 0.238540729 0.238191313 0.235888587 0.230163060 0.246771464 0.234847580 0.252100750 0.221782218 0.252200009 0.247579167 0.243024942 0.252051090 0.252739303 0.251770177 0.228740013 0.218121327 0.219753011 0.230449860 0.231881145 0.140459014 0.133577863 0.144605597 0.141411422 0.235136751 0.228978265 
Oaureus2                                  0.002226016 0.000000000 0.235575111 0.234516628 0.126012477 0.123845038 0.201834664 0.203776846 0.209227458 0.198420452 0.229973161 0.214833116 0.128363683 0.178534359 0.207306831 0.233891118 0.203454618 0.191574678 0.225745861 0.207799511 0.277971409 0.274852683 0.178457099 0.187533802 0.204347987 0.232559460 0.201518331 0.216883777 0.234676701 0.231468906 0.232607981 0.226367884 0.234839418 0.238867947 0.212553471 0.227369569 0.230701827 0.236896825 0.237630426 0.216810336 0.260170588 0.209951635 0.225676503 0.235030823 0.226822981 0.230091113 0.218684283 0.190547535 0.211420219 0.211842383 0.210891334 0.153288556 0.154621650 0.188089208 0.182803803 0.186803606 0.171044182 0.156608584 0.270006000 0.260165368 0.249797368 0.243207552 0.260888558 0.231689879 0.246263258 0.238170415 0.249984280 0.249581164 0.247703169 0.241983187 0.258535818 0.246680644 0.263840238 0.233624966 0.263983563 0.259221126 0.254936106 0.263842437 0.264401973 0.263963066 0.240377032 0.229117623 0.231439971 0.242131132 0.243585995 0.157363994 0.150384790 0.161744923 0.158493426 0.246621049 0.240624249 
Mzebra1                                   0.225058802 0.235575111 0.000000000 0.000049905 0.122010059 0.120362043 0.278955386 0.279615933 0.281276967 0.271626315 0.296020731 0.279993286 0.197902292 0.245458496 0.274683068 0.300749519 0.280749896 0.268459776 0.303231176 0.285463270 0.354727943 0.351192496 0.250603054 0.259169263 0.283016032 0.310651553 0.278498603 0.294718957 0.311074226 0.305864680 0.308805558 0.302508329 0.311327503 0.316663659 0.288801530 0.302787675 0.307240289 0.316713570 0.317518071 0.292251875 0.336571548 0.283716910 0.299159542 0.310351332 0.301977655 0.301848373 0.293526066 0.263805132 0.285483567 0.284702639 0.284112292 0.216546765 0.217940977 0.269108527 0.264446038 0.267846235 0.252625769 0.260718968 0.348764951 0.339230595 0.328364786 0.319919684 0.338898816 0.306940653 0.322762789 0.314690896 0.326450822 0.326301148 0.327410939 0.322254055 0.338966915 0.324670131 0.342907049 0.310739283 0.343570150 0.339091648 0.334834024 0.344570857 0.346540466 0.346645005 0.322327715 0.312594950 0.309014380 0.321604417 0.320329888 0.266266212 0.257084726 0.272513134 0.268480873 0.325056063 0.318737108 
Mzebra2                                   0.224043372 0.234516628 0.000049905 0.000000000 0.121092683 0.119379988 0.277508255 0.278172755 0.279806933 0.269993306 0.294696792 0.278584998 0.196145552 0.244087922 0.273506907 0.299487761 0.279763691 0.267571879 0.302203246 0.284480264 0.353422298 0.349764701 0.249246388 0.257661626 0.281974479 0.309463876 0.277304189 0.293409513 0.309490369 0.304439303 0.307364958 0.301020881 0.309756623 0.315174418 0.287280623 0.301284605 0.305672000 0.315199981 0.315893281 0.290649593 0.334977939 0.282353948 0.297732777 0.308955470 0.300548742 0.300409957 0.292112310 0.262227139 0.284020925 0.283264626 0.282606288 0.215201970 0.216529383 0.267719942 0.263025868 0.266528613 0.251269433 0.259206671 0.347297242 0.337789888 0.326733103 0.318160383 0.337103705 0.305254062 0.321311836 0.313120427 0.324646000 0.324738223 0.325902786 0.320630226 0.337585213 0.323353130 0.341404602 0.309483351 0.342170332 0.337613117 0.333387564 0.343225007 0.345031790 0.345087035 0.320927081 0.311069024 0.307600224 0.320071097 0.319042745 0.264957815 0.256022858 0.271311709 0.267087924 0.323452336 0.317193921 
Sgalilaeus__LakeAlbert__U1B1              0.116087122 0.126012477 0.122010059 0.121092683 0.000000000 0.001102738 0.152336686 0.153574459 0.154805436 0.145457999 0.171239732 0.156899272 0.081796085 0.125236333 0.151262620 0.175441048 0.156781230 0.145439329 0.177573596 0.160837223 0.225190907 0.222122083 0.130293937 0.138026140 0.158136690 0.184219842 0.154780775 0.169272328 0.172095422 0.168991473 0.170379312 0.163601610 0.171781157 0.176153530 0.152679782 0.164519089 0.168209448 0.175101922 0.175498823 0.157876077 0.197756123 0.152686999 0.166570446 0.174204933 0.166916838 0.169948909 0.159903253 0.134578100 0.153039130 0.154265205 0.153531753 0.103808583 0.105136904 0.151581915 0.147139905 0.150422519 0.136004024 0.150020922 0.211330570 0.202295195 0.191927751 0.185057749 0.201912928 0.174400780 0.187555917 0.180314637 0.191531122 0.191210590 0.187829886 0.182985080 0.197433849 0.185872848 0.202161457 0.174547293 0.202700839 0.198283532 0.194018813 0.202465309 0.205444313 0.205357172 0.185653654 0.177025213 0.173448739 0.183782194 0.184405603 0.154342879 0.145352247 0.159627811 0.155743670 0.187068398 0.181558969 
Sgalilaeus__LakeAlbert__U2B2              0.113740334 0.123845038 0.120362043 0.119379988 0.001102738 0.000000000 0.149100437 0.150454529 0.151757094 0.142293087 0.168100434 0.153911999 0.078705130 0.122282923 0.148306707 0.172388660 0.153447404 0.142267423 0.173963657 0.157334837 0.221462222 0.218535094 0.127418251 0.135244230 0.154948391 0.180875667 0.151478495 0.166015562 0.172108700 0.168810453 0.170108887 0.163311639 0.171693675 0.176304519 0.151848882 0.164262294 0.168117877 0.173188543 0.173701755 0.156489733 0.196616697 0.151402999 0.165540056 0.172936450 0.165543341 0.168504107 0.158339489 0.132606229 0.151376765 0.153011767 0.152190040 0.101452323 0.102748668 0.148130063 0.143701557 0.146910055 0.132688648 0.147264370 0.207352148 0.198632831 0.188225388 0.181389168 0.197959285 0.170715245 0.183812537 0.176811052 0.187652055 0.187544358 0.184986259 0.180067900 0.194855840 0.183303859 0.199385909 0.171608170 0.199882600 0.195474254 0.191244812 0.199348997 0.202140469 0.202077492 0.182377369 0.173676902 0.170125358 0.180350935 0.181572653 0.151572019 0.142663129 0.156932723 0.153088877 0.184036475 0.178513708 
Okorogwe__Nambawala__T3J4                 0.190705258 0.201834664 0.278955386 0.277508255 0.152336686 0.149100437 0.000000000 0.005861728 0.008795244 0.006185434 0.124580707 0.112104674 0.059315990 0.087021194 0.106416060 0.126449552 0.163919176 0.151406877 0.186494319 0.169159873 0.234493379 0.230397218 0.071415169 0.074152521 0.166607915 0.194860361 0.163443738 0.178920197 0.166327195 0.164618886 0.165109980 0.152656676 0.160639548 0.170342843 0.144144078 0.155744679 0.160688361 0.116940965 0.117920212 0.156801163 0.197884396 0.148606742 0.163081282 0.173048151 0.165057436 0.169652704 0.158206362 0.132972835 0.150476078 0.152399660 0.151550729 0.108961296 0.110310255 0.185155485 0.180422829 0.183115669 0.166333776 0.212009759 0.082222626 0.077141610 0.071502987 0.061577834 0.069578315 0.057189609 0.062774385 0.059646219 0.066161261 0.066402487 0.093536216 0.090436981 0.101057925 0.093518607 0.102577013 0.084870290 0.103515407 0.100710320 0.097422751 0.096123638 0.096856325 0.097480572 0.087464894 0.082651517 0.075856605 0.082291234 0.082908294 0.216312544 0.204859609 0.222631684 0.217895657 0.089937300 0.086526526 
Okorogwe__Nambawala__T3J6                 0.191888482 0.203776846 0.279615933 0.278172755 0.153574459 0.150454529 0.005861728 0.000000000 0.012441457 0.008784946 0.128479945 0.115855973 0.061969546 0.090394959 0.109489761 0.129297135 0.166774981 0.154291725 0.189514944 0.171991780 0.237812232 0.233481554 0.075254008 0.078407797 0.169504092 0.197999232 0.166318612 0.181757193 0.169870375 0.168179964 0.168623105 0.156381779 0.164144448 0.173757021 0.147514947 0.159110953 0.164229134 0.121466461 0.122970359 0.160138425 0.201596986 0.151885850 0.166409265 0.176637117 0.168865629 0.173218947 0.161651724 0.136330722 0.153898480 0.155791292 0.154985095 0.111748629 0.113045694 0.186871036 0.182171681 0.184954075 0.168261505 0.211143284 0.087271885 0.082099862 0.076543759 0.066285241 0.074647905 0.061875514 0.067647458 0.064315394 0.071053653 0.071322202 0.098233082 0.095030958 0.106219528 0.098522369 0.107740101 0.089624597 0.108571011 0.105779258 0.102368554 0.100754328 0.101451635 0.102167193 0.092281089 0.086830622 0.080129453 0.086738246 0.087346568 0.209763281 0.199163935 0.215951751 0.211153961 0.094938786 0.091523086 
Okorogwe__MlinganoDam__P4B2               0.197930080 0.209227458 0.281276967 0.279806933 0.154805436 0.151757094 0.008795244 0.012441457 0.000000000 0.003273542 0.123666732 0.111178099 0.059256912 0.086441220 0.104809887 0.124250709 0.163637573 0.151205451 0.185921283 0.168759587 0.233562843 0.229397800 0.067799477 0.070198618 0.166451215 0.194708165 0.163367725 0.178869828 0.164614085 0.162874122 0.163308744 0.150790238 0.158933914 0.168254731 0.142739589 0.153743247 0.158873817 0.111681731 0.113244081 0.155818523 0.196407410 0.147538908 0.161897756 0.171831873 0.164222795 0.168573876 0.157079534 0.132172843 0.149556211 0.151469075 0.150645554 0.108646634 0.109892687 0.187299937 0.182653043 0.185348253 0.168779189 0.219854972 0.076097460 0.071222273 0.065496597 0.055840583 0.063509114 0.051690217 0.056995012 0.054080732 0.060345482 0.060508134 0.087636873 0.084476915 0.094645094 0.087603046 0.096198765 0.079555091 0.097175111 0.094519048 0.091357093 0.089899433 0.090502270 0.091388337 0.081384360 0.078192091 0.070168246 0.076459436 0.077212176 0.231335728 0.218947998 0.238251858 0.232803587 0.083967842 0.080788462 
Okorogwe__MlinganoDam__P4B1               0.186648936 0.198420452 0.271626315 0.269993306 0.145457999 0.142293087 0.006185434 0.008784946 0.003273542 0.000000000 0.115736281 0.103686871 0.052618100 0.079501181 0.097048463 0.115336201 0.154512867 0.142187675 0.177026865 0.159827997 0.225045987 0.220954230 0.063763557 0.066285187 0.157525966 0.185810318 0.154465128 0.169745978 0.156837803 0.154942176 0.155540041 0.143486669 0.151396579 0.160675584 0.135002298 0.146095094 0.150966535 0.108100836 0.109699008 0.147280289 0.188073326 0.139397573 0.153694723 0.163443369 0.155797321 0.160231062 0.148802029 0.124073179 0.141248495 0.143160870 0.142473901 0.100915634 0.102233866 0.177259409 0.172476051 0.175394186 0.158656933 0.206765953 0.074687281 0.069688209 0.063991539 0.054544967 0.062271342 0.050123861 0.055651689 0.052481431 0.058965151 0.059218708 0.085161580 0.082006172 0.092282907 0.085043792 0.094091614 0.076851636 0.095007854 0.092230758 0.089080906 0.087829395 0.088254306 0.089207204 0.079168914 0.075456256 0.067867624 0.074243657 0.074940440 0.213382437 0.201621487 0.219812376 0.214804890 0.081774636 0.078583607 
Ojipe__NyumbayaMunga__P2G3                0.217758098 0.229973161 0.296020731 0.294696792 0.171239732 0.168100434 0.124580707 0.128479945 0.123666732 0.115736281 0.000000000 0.003297051 0.013557356 0.012066352 0.035534961 0.050809677 0.182627567 0.170786203 0.204056644 0.187621740 0.246725394 0.242519685 0.126845236 0.132243068 0.184521932 0.210924411 0.181548983 0.195403351 0.177518628 0.175130868 0.175655693 0.169726328 0.176477438 0.181911252 0.159749054 0.170031145 0.173477832 0.173358326 0.173092733 0.163102325 0.200831084 0.157135560 0.170045209 0.177557356 0.170754581 0.174553994 0.164306535 0.141656281 0.156296130 0.157745943 0.156955957 0.127004599 0.128247441 0.210903163 0.206104282 0.208976383 0.192810495 0.238079183 0.197107034 0.189147369 0.181704118 0.172602984 0.187751752 0.163998874 0.174868539 0.168547447 0.178406245 0.178061665 0.179331798 0.175101913 0.187469910 0.177577459 0.191578116 0.167331396 0.192507102 0.188272842 0.184089761 0.190787941 0.195340054 0.195975045 0.182563872 0.177047718 0.165490369 0.175033125 0.175904740 0.252723993 0.240384509 0.259378025 0.254163444 0.177155108 0.172106398 
Ojipe__NyumbayaMunga__P2G6                0.202666339 0.214833116 0.279993286 0.278584998 0.156899272 0.153911999 0.112104674 0.115855973 0.111178099 0.103686871 0.003297051 0.000000000 0.011016374 0.010191924 0.029162237 0.043160292 0.166908829 0.155405835 0.188193309 0.172083603 0.229939120 0.225831819 0.113815785 0.119222859 0.168204951 0.194215338 0.165516225 0.178927300 0.162871250 0.160293240 0.160757638 0.154974259 0.161484140 0.166913228 0.145010644 0.155226708 0.158699520 0.158734814 0.158633499 0.148546482 0.186082413 0.142953793 0.155822495 0.163030214 0.156189383 0.160241659 0.149960020 0.126877431 0.142145400 0.143728347 0.142907960 0.113468026 0.114705821 0.195538205 0.190808864 0.193649200 0.177645013 0.223408694 0.182823185 0.174826009 0.167240479 0.158295983 0.173385106 0.149953872 0.160546433 0.154421817 0.164026469 0.163806950 0.164671508 0.160601164 0.172792312 0.163080031 0.177037891 0.152926400 0.177963643 0.173819070 0.169474757 0.176159854 0.180899016 0.181521397 0.167865897 0.162389669 0.151228878 0.160768612 0.161721989 0.237478930 0.225470396 0.244295498 0.238947982 0.162729082 0.157775079 
Ohunteri__LakeChala__G1-K2G2              0.116432681 0.128363683 0.197902292 0.196145552 0.081796085 0.078705130 0.059315990 0.061969546 0.059256912 0.052618100 0.013557356 0.011016374 0.000000000 0.002234540 0.025498218 0.037750160 0.085966181 0.074914945 0.106095884 0.091655405 0.147922219 0.144313877 0.051881624 0.057249957 0.089264874 0.115578597 0.087054552 0.099541844 0.090366618 0.087968404 0.088561788 0.082663828 0.089595497 0.094412393 0.073203063 0.083147797 0.086612712 0.087106465 0.087213812 0.075741059 0.112014225 0.073087841 0.085511394 0.090490048 0.083716230 0.087947147 0.077965090 0.058658492 0.073028788 0.074280239 0.073806576 0.046215916 0.047422224 0.105746009 0.100987371 0.104095531 0.088710241 0.134436846 0.110129893 0.102492880 0.095017153 0.087224229 0.101972505 0.079966110 0.089919626 0.083782133 0.092030541 0.092061449 0.093038076 0.089084454 0.100828770 0.091167598 0.105116982 0.081546945 0.105611761 0.102338533 0.097716134 0.104438636 0.108087518 0.108611812 0.094447370 0.089046582 0.080340746 0.089095364 0.089896112 0.135748263 0.124967586 0.141087025 0.136339250 0.092839619 0.088061941 
Ohunteri__LakeChala__G2-K2G3              0.166461845 0.178534359 0.245458496 0.244087922 0.125236333 0.122282923 0.087021194 0.090394959 0.086441220 0.079501181 0.012066352 0.010191924 0.002234540 0.000000000 0.030003512 0.042382308 0.134280554 0.122869449 0.155380899 0.139376081 0.195804583 0.191902249 0.084397232 0.089971697 0.138271148 0.164643639 0.135173708 0.148977176 0.129639409 0.127269235 0.127863890 0.121594861 0.128347941 0.133605208 0.112335574 0.122038675 0.125703793 0.124373644 0.124322926 0.115750089 0.151915606 0.111189027 0.123887097 0.130114450 0.123352555 0.127389053 0.117633275 0.096361786 0.111304829 0.112624890 0.111864769 0.084185333 0.085548062 0.159050601 0.154186248 0.157100462 0.141254874 0.186248677 0.147178025 0.139336569 0.131716829 0.123403301 0.137811137 0.115379995 0.125800180 0.119740842 0.128544503 0.128268559 0.129970534 0.125799523 0.137932781 0.128406375 0.141881749 0.118332215 0.142747663 0.139003056 0.134689312 0.141064079 0.145454702 0.146084135 0.132371242 0.126928972 0.117039026 0.125980323 0.126981484 0.194640526 0.183000472 0.200917647 0.195936755 0.128751177 0.124011219 
Ogirigan__LakeJipe__P3C5                  0.194981739 0.207306831 0.274683068 0.273506907 0.151262620 0.148306707 0.106416060 0.109489761 0.104809887 0.097048463 0.035534961 0.029162237 0.025498218 0.030003512 0.000000000 0.006313593 0.163829005 0.152039658 0.185676829 0.169334654 0.228348748 0.224154627 0.108783905 0.114283181 0.167183750 0.194357639 0.164118463 0.178377445 0.158507398 0.155962443 0.156735748 0.150254781 0.157173413 0.162783937 0.140299329 0.150875325 0.154400635 0.153518752 0.153323164 0.144277446 0.182236346 0.138455863 0.151657361 0.158966320 0.151955408 0.156299937 0.145782284 0.123577644 0.138520849 0.139678770 0.138877769 0.108792080 0.110150493 0.189221861 0.184328958 0.187434995 0.171126188 0.214595438 0.175714600 0.167646662 0.160238695 0.151408158 0.166220233 0.143198769 0.153742649 0.147438102 0.156614388 0.156424072 0.158723494 0.154495479 0.166890007 0.157125050 0.171109523 0.146962641 0.171993138 0.167992745 0.163573470 0.170005715 0.174529392 0.174980155 0.161334176 0.155546101 0.145042644 0.154394343 0.155521608 0.223961652 0.212312164 0.230395570 0.225173920 0.156607883 0.152030997 
Ogirigan__LakeKumba__P1E1                 0.221650217 0.233891118 0.300749519 0.299487761 0.175441048 0.172388660 0.126449552 0.129297135 0.124250709 0.115336201 0.050809677 0.043160292 0.037750160 0.042382308 0.006313593 0.000000000 0.189822901 0.177797076 0.211868974 0.195485134 0.253976959 0.249778424 0.131897143 0.137541304 0.193295637 0.220241055 0.190031981 0.204306601 0.182639733 0.180162357 0.180781103 0.174721406 0.181538451 0.187081715 0.164562542 0.175150547 0.178728514 0.179147132 0.178777352 0.168408261 0.206467253 0.162071613 0.175227870 0.183043808 0.175997345 0.180326500 0.169939401 0.146951848 0.162393985 0.163096386 0.162230653 0.131733472 0.133083158 0.215853034 0.210865871 0.213901085 0.197506089 0.240962231 0.202776365 0.194614658 0.187061634 0.178144857 0.193377438 0.169619823 0.180331643 0.173882376 0.183666856 0.183358088 0.184902078 0.180752012 0.193001559 0.183257120 0.197492349 0.173174570 0.198356250 0.194361161 0.189898081 0.196539438 0.201079873 0.201677614 0.188139068 0.182451139 0.171196458 0.180727961 0.181715228 0.254383892 0.242275056 0.260711323 0.255744677 0.182564573 0.177945541 
Oamphimelas__LakeManyara__P3H1            0.190146740 0.203454618 0.280749896 0.279763691 0.156781230 0.153447404 0.163919176 0.166774981 0.163637573 0.154512867 0.182627567 0.166908829 0.085966181 0.134280554 0.163829005 0.189822901 0.000000000 0.000268461 0.008293096 0.007461527 0.081688963 0.079398959 0.140674992 0.148208019 0.060173345 0.072089527 0.059454625 0.065805031 0.159447549 0.156516528 0.157364294 0.152807230 0.160004056 0.164273484 0.141090263 0.152736624 0.155955332 0.171688472 0.171476699 0.137857355 0.174638816 0.136827489 0.150494626 0.154362305 0.147186614 0.149340774 0.138694942 0.111163352 0.130613553 0.136081869 0.135442521 0.106286022 0.106569888 0.159707590 0.155373558 0.156852933 0.143296953 0.206415331 0.219877598 0.210912281 0.201513398 0.193980026 0.212521418 0.182900915 0.196570899 0.188965276 0.200077164 0.200073799 0.191316957 0.186277282 0.200336421 0.188547845 0.205765227 0.177227037 0.206220281 0.201734015 0.197106589 0.208133486 0.213238779 0.213765413 0.196643384 0.188962210 0.179358984 0.190161830 0.191924254 0.209906586 0.198074885 0.216994843 0.211761053 0.192913001 0.186988586 
Oamphimelas__LakeManyara__P3H2            0.178336022 0.191574678 0.268459776 0.267571879 0.145439329 0.142267423 0.151406877 0.154291725 0.151205451 0.142187675 0.170786203 0.155405835 0.074914945 0.122869449 0.152039658 0.177797076 0.000268461 0.000000000 0.007589877 0.006785887 0.077205555 0.074929232 0.128877594 0.136478523 0.054462790 0.066472959 0.053685558 0.060151583 0.148200628 0.145569676 0.146277607 0.141541970 0.148569118 0.153145645 0.130048854 0.141406610 0.144815405 0.159500180 0.159236102 0.127329848 0.163939068 0.126192082 0.139648451 0.143511161 0.136363912 0.138633932 0.128241268 0.101267103 0.120365777 0.125713054 0.124987283 0.095871398 0.096303269 0.148478356 0.144130330 0.145792443 0.132136349 0.195030733 0.206551343 0.197748373 0.188100956 0.180685408 0.198962166 0.169727452 0.183323974 0.175858195 0.186718473 0.186661624 0.178764177 0.173521735 0.187561924 0.175982136 0.192877076 0.164474153 0.193450571 0.188918892 0.184415599 0.195073275 0.200149402 0.200449322 0.183497638 0.175664006 0.166462848 0.177227188 0.179133642 0.198210708 0.186252224 0.205307774 0.199922286 0.180276876 0.174184911 
Oamphimelas__LakeSulungali__T9F4          0.212393268 0.225745861 0.303231176 0.302203246 0.177573596 0.173963657 0.186494319 0.189514944 0.185921283 0.177026865 0.204056644 0.188193309 0.106095884 0.155380899 0.185676829 0.211868974 0.008293096 0.007589877 0.000000000 0.001234899 0.091020732 0.088695941 0.161872628 0.169738474 0.066900148 0.077831824 0.066408058 0.072157861 0.180318579 0.177761403 0.178341352 0.174178193 0.181504669 0.185839596 0.162096461 0.173926219 0.177177123 0.194654802 0.194376543 0.157714999 0.194818098 0.156888799 0.170576944 0.174680154 0.167451871 0.169113111 0.158524759 0.129249345 0.149832097 0.155493899 0.154703616 0.124741951 0.124932804 0.180815019 0.176244218 0.177546734 0.163994813 0.228631829 0.244262205 0.235055742 0.225771257 0.218076353 0.237073182 0.206825483 0.221020195 0.212806711 0.224318773 0.224288922 0.215235647 0.210148481 0.224142342 0.212348071 0.229924069 0.200763876 0.230510771 0.225817379 0.221133369 0.232763027 0.237776987 0.238370973 0.221323530 0.213825568 0.203024554 0.214061727 0.215552978 0.234043079 0.222041927 0.241344408 0.235920969 0.216971331 0.210715294 
Oamphimelas__LakeSulungali__T9F2          0.194449825 0.207799511 0.285463270 0.284480264 0.160837223 0.157334837 0.169159873 0.171991780 0.168759587 0.159827997 0.187621740 0.172083603 0.091655405 0.139376081 0.169334654 0.195485134 0.007461527 0.006785887 0.001234899 0.000000000 0.085746612 0.083401295 0.145527850 0.153259035 0.059947749 0.071016312 0.059448102 0.065083603 0.164407483 0.161689159 0.162381356 0.158080163 0.165169599 0.169443970 0.146087391 0.157723307 0.161031809 0.177375682 0.177235308 0.142129273 0.178995238 0.141493454 0.154848399 0.158822796 0.151576882 0.153426771 0.142950056 0.115518957 0.134808134 0.140409459 0.139525466 0.110114136 0.110369131 0.164084985 0.159802339 0.161246962 0.147614689 0.210851515 0.226286291 0.217128199 0.207809726 0.200071887 0.219180135 0.189532259 0.203095194 0.194922017 0.206451601 0.206356325 0.197362796 0.192221614 0.206471870 0.194529176 0.212167531 0.183201170 0.212718362 0.208049229 0.203493310 0.214886090 0.219748495 0.220338045 0.202971044 0.195429957 0.185151974 0.196360236 0.197745866 0.214671536 0.203061331 0.221200681 0.215990917 0.199297528 0.193280122 
Agrahami__LakeMagadi__Ag2630              0.264343998 0.277971409 0.354727943 0.353422298 0.225190907 0.221462222 0.234493379 0.237812232 0.233562843 0.225045987 0.246725394 0.229939120 0.147922219 0.195804583 0.228348748 0.253976959 0.081688963 0.077205555 0.091020732 0.085746612 0.000000000 0.003920825 0.208559898 0.216483833 0.119838694 0.134245489 0.118511506 0.126491219 0.218415267 0.215550321 0.216277103 0.213108050 0.220258439 0.224109313 0.200937530 0.212666992 0.215573913 0.240117592 0.240232109 0.195105045 0.232212999 0.193051677 0.206430273 0.210902024 0.203810241 0.206037070 0.195261485 0.168084501 0.187921089 0.190955057 0.190182835 0.167256540 0.167471905 0.232605636 0.227970919 0.229383396 0.215519807 0.280426345 0.296404354 0.286564085 0.278106549 0.269905371 0.289438168 0.258340835 0.272665923 0.264352966 0.276097382 0.275575164 0.265570342 0.260432200 0.274315733 0.262298275 0.280435190 0.250571616 0.280769310 0.276101751 0.271493446 0.284132383 0.289287480 0.290027645 0.273880494 0.266787936 0.253626291 0.265186956 0.266407598 0.291470153 0.278850777 0.298422350 0.292751451 0.267176827 0.261049511 
Agrahami__LakeMagadi__Ag2638              0.261263670 0.274852683 0.351192496 0.349764701 0.222122083 0.218535094 0.230397218 0.233481554 0.229397800 0.220954230 0.242519685 0.225831819 0.144313877 0.191902249 0.224154627 0.249778424 0.079398959 0.074929232 0.088695941 0.083401295 0.003920825 0.000000000 0.204586638 0.212383023 0.116595662 0.130958381 0.115382099 0.123165786 0.214138944 0.211165240 0.212010748 0.208823357 0.215793824 0.219775239 0.196494832 0.208288311 0.211199127 0.235395418 0.235600261 0.190915464 0.227791955 0.189031704 0.202339193 0.206735025 0.199609932 0.201911963 0.191082989 0.164296149 0.183821548 0.186912491 0.186053582 0.163711130 0.164032361 0.229778704 0.225203367 0.226528022 0.212535482 0.278654698 0.291759212 0.281998364 0.273539662 0.265306962 0.284718545 0.253967907 0.268214186 0.259834116 0.271374930 0.271037269 0.260838108 0.255720992 0.269615781 0.257693047 0.275648314 0.245833325 0.275986971 0.271264149 0.266826407 0.279427849 0.284436822 0.285131226 0.269384806 0.262225316 0.249101270 0.260470651 0.261727962 0.289813123 0.277413673 0.297046035 0.291208130 0.262414753 0.256433076 
Omossambicus__Mozambique__C13             0.168854817 0.178457099 0.250603054 0.249246388 0.130293937 0.127418251 0.071415169 0.075254008 0.067799477 0.063763557 0.126845236 0.113815785 0.051881624 0.084397232 0.108783905 0.131897143 0.140674992 0.128877594 0.161872628 0.145527850 0.208559898 0.204586638 0.000000000 0.007245499 0.142976754 0.169875463 0.139683047 0.154275273 0.133363539 0.131426042 0.132128986 0.122691571 0.129811306 0.136974699 0.114855972 0.124481526 0.128468186 0.098315622 0.099566030 0.130127426 0.168431952 0.117932798 0.130241755 0.145688216 0.138731831 0.142707782 0.131904048 0.108917374 0.125648093 0.127364977 0.126715224 0.088658989 0.089280847 0.163101330 0.158514525 0.161124621 0.145330325 0.193347995 0.096526430 0.090742596 0.084108169 0.075139601 0.085836786 0.069756761 0.076933112 0.072615791 0.080243766 0.080160568 0.086377867 0.083169271 0.093762534 0.086200702 0.095682006 0.077819568 0.096596598 0.093435500 0.090117953 0.091304271 0.093376929 0.094302977 0.084961949 0.080778483 0.072199160 0.078910622 0.079424505 0.200476369 0.188972352 0.206879528 0.201834770 0.072418151 0.069988088 
Omossambicus__SouthAfrica__RB09-059       0.178075350 0.187533802 0.259169263 0.257661626 0.138026140 0.135244230 0.074152521 0.078407797 0.070198618 0.066285187 0.132243068 0.119222859 0.057249957 0.089971697 0.114283181 0.137541304 0.148208019 0.136478523 0.169738474 0.153259035 0.216483833 0.212383023 0.007245499 0.000000000 0.150948563 0.177840352 0.147703123 0.162446860 0.141707981 0.139698517 0.140294442 0.130338308 0.137579973 0.145319942 0.122640188 0.132502344 0.136616008 0.102117667 0.103535997 0.138771552 0.177498353 0.126233541 0.138552712 0.154397495 0.147072174 0.151425065 0.140393643 0.116864183 0.133776284 0.135702800 0.134991611 0.095165975 0.095574617 0.171799493 0.167188360 0.169839957 0.153904430 0.203237286 0.097863691 0.091958201 0.085431343 0.076321395 0.086925170 0.071279943 0.078103487 0.074028771 0.081642727 0.081377517 0.087760477 0.084738800 0.095050946 0.087854202 0.096933029 0.079550554 0.097699538 0.094693929 0.091579630 0.091922575 0.093756816 0.094429058 0.085200710 0.081396510 0.073149257 0.079584124 0.080244999 0.213439041 0.201697945 0.220150868 0.214975381 0.074341844 0.072062093 
Oesculentus__Malimbe__V71                 0.191050806 0.204347987 0.283016032 0.281974479 0.158136690 0.154948391 0.166607915 0.169504092 0.166451215 0.157525966 0.184521932 0.168204951 0.089264874 0.138271148 0.167183750 0.193295637 0.060173345 0.054462790 0.066900148 0.059947749 0.119838694 0.116595662 0.142976754 0.150948563 0.000000000 0.002183344 0.002144432 0.002479324 0.165772067 0.163389865 0.163961446 0.159083075 0.166468514 0.170912598 0.147499073 0.158932809 0.162358346 0.177053829 0.177175140 0.142013729 0.178624030 0.143031524 0.156858949 0.159885543 0.152903469 0.152170105 0.141976234 0.109946025 0.132325499 0.141772558 0.140909884 0.108499645 0.107274891 0.160423941 0.156321860 0.156150529 0.144080719 0.208334931 0.222374339 0.213299515 0.204207146 0.196987057 0.215299736 0.185877899 0.199724799 0.191689638 0.203052459 0.202789607 0.195509674 0.190404154 0.204105165 0.192745891 0.209884654 0.181295429 0.209995587 0.205595286 0.201151154 0.212065667 0.216101330 0.216899560 0.199920855 0.192366086 0.182495285 0.193615692 0.194705716 0.211538461 0.199758603 0.218654405 0.213128753 0.196700611 0.190911523 
Oesculentus__Malimbe__MG340               0.219090067 0.232559460 0.310651553 0.309463876 0.184219842 0.180875667 0.194860361 0.197999232 0.194708165 0.185810318 0.210924411 0.194215338 0.115578597 0.164643639 0.194357639 0.220241055 0.072089527 0.066472959 0.077831824 0.071016312 0.134245489 0.130958381 0.169875463 0.177840352 0.002183344 0.000000000 0.002815006 0.002821311 0.192960226 0.190555039 0.191353391 0.186722954 0.193947108 0.198589167 0.174540739 0.186287548 0.189918413 0.206091344 0.206379742 0.167939003 0.204927382 0.168978054 0.183100655 0.186660730 0.179440421 0.177603856 0.167541824 0.132196122 0.156512165 0.167169567 0.166278553 0.132298409 0.130447001 0.186550883 0.182147320 0.181345917 0.169968637 0.236598646 0.252166589 0.242977351 0.234147008 0.226627331 0.245445708 0.215619445 0.229651984 0.221205357 0.232991977 0.232755039 0.225352787 0.219854848 0.233868982 0.222262389 0.239849072 0.210738949 0.240039216 0.235501660 0.230866218 0.242519259 0.246390658 0.247112506 0.230497216 0.223125800 0.211982532 0.223320870 0.224480929 0.242855061 0.230938022 0.249913688 0.244411341 0.226099504 0.220386477 
Oesculentus__LakeRukwa__T10E03            0.188308562 0.201518331 0.278498603 0.277304189 0.154780775 0.151478495 0.163443738 0.166318612 0.163367725 0.154465128 0.181548983 0.165516225 0.087054552 0.135173708 0.164118463 0.190031981 0.059454625 0.053685558 0.066408058 0.059448102 0.118511506 0.115382099 0.139683047 0.147703123 0.002144432 0.002815006 0.000000000 0.001437270 0.162378007 0.159898695 0.160707100 0.155784324 0.162917066 0.167557349 0.144119775 0.155639854 0.159036238 0.173402848 0.173527223 0.138549206 0.174995392 0.139596898 0.153668234 0.156129012 0.149153726 0.148654557 0.138432212 0.107475987 0.129646940 0.138319016 0.137589943 0.105601164 0.104552223 0.157576325 0.153438203 0.153439569 0.141131466 0.205772507 0.218836825 0.209766765 0.200729042 0.193654215 0.212105450 0.183061356 0.196336225 0.188360828 0.199670188 0.199360986 0.192054941 0.187120129 0.200740728 0.189500657 0.206680016 0.177996382 0.206854185 0.202292202 0.197922156 0.208746611 0.213020788 0.213487095 0.196601800 0.189121631 0.179049713 0.190053145 0.191374583 0.210177226 0.198658023 0.216961629 0.211512122 0.193376423 0.187480823 
Oesculentus__LakeRukwa__T10F04            0.203572016 0.216883777 0.294718957 0.293409513 0.169272328 0.166015562 0.178920197 0.181757193 0.178869828 0.169745978 0.195403351 0.178927300 0.099541844 0.148977176 0.178377445 0.204306601 0.065805031 0.060151583 0.072157861 0.065083603 0.126491219 0.123165786 0.154275273 0.162446860 0.002479324 0.002821311 0.001437270 0.000000000 0.175123441 0.172767672 0.173413718 0.168711179 0.175929745 0.180444315 0.157353380 0.168515194 0.171847014 0.188118378 0.188347525 0.150197978 0.185512330 0.151915900 0.165718802 0.167987035 0.161068311 0.159854439 0.149955534 0.117070240 0.140226148 0.150258833 0.149497911 0.118130996 0.116692479 0.172466815 0.168218276 0.167838490 0.155939042 0.221265962 0.235593051 0.226336061 0.217432126 0.210105237 0.228627474 0.198905767 0.212827506 0.204692253 0.216284494 0.215889126 0.207946393 0.202795123 0.216776048 0.205229851 0.222705095 0.193833731 0.222837221 0.218155116 0.213792025 0.225161447 0.229402254 0.230071913 0.213210238 0.205740806 0.195145558 0.206407213 0.207588266 0.226668003 0.214650089 0.233872714 0.228441532 0.209229800 0.203479204 
Okarongae__MbambaBay__OR1A3               0.221011354 0.234676701 0.311074226 0.309490369 0.172095422 0.172108700 0.166327195 0.169870375 0.164614085 0.156837803 0.177518628 0.162871250 0.090366618 0.129639409 0.158507398 0.182639733 0.159447549 0.148200628 0.180318579 0.164407483 0.218415267 0.214138944 0.133363539 0.141707981 0.165772067 0.192960226 0.162378007 0.175123441 0.000000000 0.005472344 0.005380226 0.011683091 0.012099688 0.007845771 0.009195052 0.008546534 0.008850644 0.068154125 0.064943912 0.052857206 0.069443676 0.040602787 0.043666437 0.057085652 0.054112663 0.058753453 0.054314807 0.054062520 0.058265715 0.056924888 0.056671072 0.102761038 0.105518581 0.203285579 0.198520841 0.201019110 0.184487666 0.242955239 0.217850929 0.209029271 0.200384269 0.191726069 0.209325769 0.182560195 0.194283812 0.187481003 0.197813473 0.197617585 0.139438803 0.136423154 0.141888284 0.134403785 0.148914707 0.130251027 0.149991091 0.147098067 0.142711247 0.161289558 0.181654232 0.182405821 0.171022245 0.166291090 0.154061670 0.162809170 0.164087124 0.253698814 0.240684170 0.261055353 0.255217740 0.151771740 0.146745807 
Osquamipinnis__LakeMalawi__D14-J04        0.217861639 0.231468906 0.305864680 0.304439303 0.168991473 0.168810453 0.164618886 0.168179964 0.162874122 0.154942176 0.175130868 0.160293240 0.087968404 0.127269235 0.155962443 0.180162357 0.156516528 0.145569676 0.177761403 0.161689159 0.215550321 0.211165240 0.131426042 0.139698517 0.163389865 0.190555039 0.159898695 0.172767672 0.005472344 0.000000000 0.003855076 0.010351895 0.010680552 0.006406861 0.007602662 0.006985040 0.007507325 0.066299506 0.063122030 0.050740028 0.067236059 0.038617755 0.041488507 0.054793404 0.051816532 0.056594962 0.052207032 0.052082085 0.056002663 0.054459629 0.054213516 0.100449279 0.103128934 0.200705103 0.195914655 0.198502066 0.181842826 0.239645328 0.216967572 0.208244846 0.199508321 0.190857588 0.208688224 0.181360088 0.193251064 0.186472240 0.196770919 0.196711719 0.138034406 0.135031444 0.140627629 0.132988873 0.147727626 0.128767548 0.148826999 0.145744388 0.141275356 0.160349911 0.180532482 0.181531983 0.170023114 0.165209567 0.153108097 0.161737646 0.163136475 0.249977687 0.237062643 0.257263583 0.251605076 0.150428624 0.145575106 
Osquamipinnis__LakeMalawi__D14-J06        0.219046032 0.232607981 0.308805558 0.307364958 0.170379312 0.170108887 0.165109980 0.168623105 0.163308744 0.155540041 0.175655693 0.160757638 0.088561788 0.127863890 0.156735748 0.180781103 0.157364294 0.146277607 0.178341352 0.162381356 0.216277103 0.212010748 0.132128986 0.140294442 0.163961446 0.191353391 0.160707100 0.173413718 0.005380226 0.003855076 0.000000000 0.010050993 0.010424625 0.006321888 0.007522768 0.006950459 0.007237322 0.066759423 0.063588466 0.050616959 0.067180497 0.038457875 0.041580992 0.054933463 0.052013896 0.056722146 0.052069348 0.051946770 0.056206389 0.054647000 0.054423871 0.100989137 0.103680007 0.201782256 0.196872559 0.199540609 0.182927649 0.240941392 0.216960072 0.208249380 0.199849206 0.191283132 0.209078629 0.181846843 0.193680113 0.186786462 0.197234980 0.196910178 0.138231225 0.135429658 0.140828620 0.133396062 0.148025277 0.129156806 0.148982419 0.146092657 0.141566206 0.160608218 0.180748805 0.181572930 0.170177301 0.165400165 0.153013026 0.161838538 0.163045536 0.251666792 0.238563582 0.258795187 0.253127712 0.150816759 0.145805430 
Goldenchambo__LakeIkapu__G7B1             0.212664979 0.226367884 0.302508329 0.301020881 0.163601610 0.163311639 0.152656676 0.156381779 0.150790238 0.143486669 0.169726328 0.154974259 0.082663828 0.121594861 0.150254781 0.174721406 0.152807230 0.141541970 0.174178193 0.158080163 0.213108050 0.208823357 0.122691571 0.130338308 0.159083075 0.186722954 0.155784324 0.168711179 0.011683091 0.010351895 0.010050993 0.000000000 0.005472856 0.007919374 0.012669252 0.008071206 0.008575047 0.062028635 0.058759877 0.054240392 0.071941688 0.042251879 0.045712155 0.058957021 0.055755517 0.060314837 0.055637417 0.054325170 0.059090730 0.057352641 0.057153296 0.096763078 0.099446776 0.195502106 0.190758930 0.193372004 0.176572917 0.234607901 0.200137517 0.191785220 0.184364598 0.174749108 0.191633658 0.165819784 0.176857459 0.170402588 0.180980699 0.180357176 0.121481790 0.118866066 0.123149621 0.117156857 0.129800216 0.113461810 0.131342452 0.128392036 0.124373802 0.141326695 0.160549421 0.161110674 0.150382853 0.146406888 0.135513216 0.143290055 0.144506178 0.244455679 0.231479692 0.251645428 0.245986080 0.134062361 0.129624058 
Goldenchambo__LakeIkapu__G7B3             0.221092043 0.234839418 0.311327503 0.309756623 0.171781157 0.171693675 0.160639548 0.164144448 0.158933914 0.151396579 0.176477438 0.161484140 0.089595497 0.128347941 0.157173413 0.181538451 0.160004056 0.148569118 0.181504669 0.165169599 0.220258439 0.215793824 0.129811306 0.137579973 0.166468514 0.193947108 0.162917066 0.175929745 0.012099688 0.010680552 0.010424625 0.005472856 0.000000000 0.008838530 0.013002652 0.008888559 0.009438446 0.063511698 0.061115869 0.056989364 0.074522048 0.044676387 0.047973422 0.061512302 0.058403757 0.063264484 0.058558783 0.057318922 0.062287347 0.060625985 0.060364093 0.103197751 0.105905291 0.203852719 0.199059910 0.201757920 0.184802723 0.243438859 0.209067882 0.200602000 0.192713848 0.183532992 0.200265029 0.174482126 0.185585236 0.179139582 0.189615848 0.189060093 0.128628610 0.125950099 0.130471719 0.123872584 0.137186749 0.120134553 0.138478613 0.135410383 0.131509805 0.148986152 0.169029782 0.169423243 0.159582952 0.155066352 0.143494686 0.151393681 0.152479988 0.254145944 0.241128781 0.261554863 0.255660785 0.141399200 0.136995187 
Osquamipinnis__LakeIlamba__120B           0.225215112 0.238867947 0.316663659 0.315174418 0.176153530 0.176304519 0.170342843 0.173757021 0.168254731 0.160675584 0.181911252 0.166913228 0.094412393 0.133605208 0.162783937 0.187081715 0.164273484 0.153145645 0.185839596 0.169443970 0.224109313 0.219775239 0.136974699 0.145319942 0.170912598 0.198589167 0.167557349 0.180444315 0.007845771 0.006406861 0.006321888 0.007919374 0.008838530 0.000000000 0.009734551 0.004756231 0.005353544 0.067195980 0.063476198 0.055493854 0.072334684 0.042919685 0.045917575 0.059812583 0.056714355 0.061724048 0.057172877 0.056979551 0.061217749 0.059412205 0.059313575 0.106554224 0.109357453 0.208762576 0.204014864 0.206491864 0.189814587 0.247160111 0.221703179 0.212883220 0.204370168 0.195708342 0.213287397 0.186502778 0.198034139 0.191217348 0.201661137 0.201382871 0.140544264 0.137397615 0.142369334 0.135111117 0.149771137 0.131427182 0.150702083 0.147936664 0.143460631 0.162506803 0.183191771 0.184168774 0.172834380 0.168235688 0.156116203 0.164808758 0.165914084 0.256807079 0.243900371 0.264025708 0.258082794 0.153499559 0.148740681 
Osquamipinnis__LakeMassoko__221A          0.199130114 0.212553471 0.288801530 0.287280623 0.152679782 0.151848882 0.144144078 0.147514947 0.142739589 0.135002298 0.159749054 0.145010644 0.073203063 0.112335574 0.140299329 0.164562542 0.141090263 0.130048854 0.162096461 0.146087391 0.200937530 0.196494832 0.114855972 0.122640188 0.147499073 0.174540739 0.144119775 0.157353380 0.009195052 0.007602662 0.007522768 0.012669252 0.013002652 0.009734551 0.000000000 0.010159695 0.010488435 0.059553393 0.056546372 0.047938423 0.065271972 0.036947751 0.040181888 0.052607677 0.049507909 0.053972247 0.049424158 0.047408574 0.052255833 0.050626178 0.050554649 0.087647347 0.090015958 0.182358887 0.177534899 0.180136737 0.163619810 0.220327319 0.193374969 0.184828383 0.176094501 0.167832987 0.185014343 0.158769175 0.170265734 0.163401730 0.173900750 0.173641407 0.119767185 0.116510017 0.122463952 0.115217585 0.129018562 0.111086859 0.129610913 0.126814323 0.122887447 0.140121061 0.157868601 0.158312129 0.146935133 0.142088265 0.131636586 0.139942655 0.141161693 0.227313547 0.214712043 0.234466739 0.228834067 0.131323871 0.126699862 
